547.00|-0.0928|591.71
4012|0.0150|636.84
472.00|-0.0699|415.74
471.00|0.0551|767.29
476.00|-0.0379|16.15
355.00|-0.2857|0.13
320.00|0.3011|88.54
446.00|-0.3229|14.17
2694|0.0596|1.41
455.00|-0.0418|138.31
418.00|-0.0050|41.16
302.00|-0.0288|31.35
881.00|-0.0085|1.281
658.00|-0.1765|0.408
470.00|-0.0117|215.897
644.00|-0.0367|144.728
402.00|-0.0814|0.665
7774|0.0053|1.628
747.00|0.1513|81.061
590.00|-0.0155|191.167
441.00|-0.0916|164.892
312.00|0.3215|4.759
14967|0.0033|2.025
1548|-0.0712|354.386
397.00|-0.2789|386.95
864.00|-0.0139|5.71
653.00|-0.0087|0.86
1133|-0.1226|152.35
394.00|-0.0333|203.54
374.00|0.2359|332.76
422.00|-0.0146|389.06
1488|-0.0229|127.00
660.00|0.1195|316.10
528.00|-0.0059|176.23
956.00|-0.1319|335.61
351.00|0.2755|324.57
549.00|0.1679|164.98
423.00|0.2193|404.31
1080|-0.0008|180.78
1320|-0.0085|5.58
2338|-0.0341|3.89
448.00|0.2080|64.49
332.00|-0.3114|1.91
675.00|-0.0458|0.07
4771|0.0255|2.60
445.00|0.2189|1.21
1991|0.0239|0.66
333.00|-0.0621|0.41
301.00|-0.3446|0.81
1901|0.0939|218.79
2286|0.0309|434.07
335.00|-0.3085|250.71
345.00|-0.0139|419.02
565.00|0.0943|0.62
452.00|-0.1220|12.25
685.00|0.0533|166.65
4816|-0.0193|4.13
549.00|-0.1333|48.29
19578|0.0006|67.74
975.00|-0.0226|36.02
447.00|-0.0188|138.30
880.00|-0.1380|152.02
391.00|-0.0338|225.39
402.00|0.1972|71.73
776.00|-0.0997|149.78
352.00|0.2678|220.53
547.00|-0.0224|387.58
378.00|-0.0264|135.68
2005|-0.0103|261.43
385.00|-0.0062|410.44
375.00|0.2629|322.18
1032|-0.0024|11.34
2050|-0.0062|35.14
411.00|-0.2439|65.51
460.00|-0.0043|20.32
673.00|-0.0009|84.63
928.00|0.1307|7.07
685.00|-0.0002|1.44
320.00|0.2154|235.63
326.00|-0.2444|197.28
1237|-0.0822|282.40
1814|-0.0167|194.68
304.00|-0.4113|209.60
1641|-0.0545|470.77
343.00|-0.2924|77.06
375.00|-0.0269|542.09
973.00|0.0553|1.67
1853|0.0372|0.96
370.00|0.2618|188.65
2280|-0.0678|0.93
5972|-0.0155|198.38
338.00|0.2782|23.55
332.00|0.2609|281.37
4470|0.0150|545.86
395.00|0.2498|66.81
3210|-0.0309|80.93
876.00|0.0929|505.27
446.00|-0.2340|19.00
322.00|0.2910|63.76
306.00|-0.3590|296.27
473.00|0.4132|57.66
583.00|-0.0048|826.17
3579|-0.0012|33.18
586.00|-0.0307|28.34
1197|0.0425|0.41
3977|0.0025|1.68
345.00|-0.0139|241.23
2565|0.0015|532.58
1460|-0.0140|0.51
2003|0.0041|0.81
1347|0.0546|1.79
1270|0.0540|2.10
446.00|-0.0433|214.32
564.00|-0.0160|65.46
658.00|-0.0352|58.81
857.00|-0.1606|208.75
466.00|0.1601|0.90
1294|-0.0202|0.55
2171|0.0374|515.47
407.00|0.2193|242.11
388.00|-0.2860|296.43
1395|0.0094|0.70
323.00|-0.0039|4.04
459.00|-0.0618|251.88
394.00|-0.0167|113.44
342.00|-0.0223|90.88
4094|-0.0063|0.46
487.00|-0.0773|779.05
4028|0.0012|0.39
693.00|0.1154|209.05
359.00|-0.0403|559.96
13293|-0.0081|0.57
3754|0.0062|0.73
429.00|-0.0204|284.10
701.00|-0.0309|39.93
21650|-0.0051|29.17
766.00|-0.1629|62.82
306.00|0.3143|40.90
1001|-0.0175|158.55
326.00|-0.0246|303.62
669.00|-0.0284|365.17
514.00|-0.0097|197.03
318.00|-0.0377|118.23
444.00|-0.2278|29.17
345.00|-0.0008|80.71
1272|-0.0812|134.25
335.00|0.0000|1.14
879.00|-0.1461|409.52
2531|-0.0102|470.92
899.00|-0.1342|673.27
1952|-0.0440|82.02
399.00|0.1015|105.67
495.00|-0.2496|123.68
3412|-0.0290|0.86
333.00|0.2461|438.78
446.00|0.3048|41.17
426.00|0.1325|110.69
3656|0.0124|113.79
1477|-0.0061|419.84
1397|0.0056|510.67
409.00|0.2439|0.51
759.00|-0.1390|321.62
545.00|-0.0356|350.54
503.00|-0.0065|364.43
4172|-0.0068|145.64
390.00|0.2488|339.67
1363|-0.0946|235.96
816.00|0.1162|0.76
311.00|-0.4001|659.91
412.00|-0.0054|301.55
6082|-0.0145|338.20
2531|0.0244|2.29
378.00|-0.0182|0.37
333.00|-0.0037|394.95
800.00|-0.0162|516.40
851.00|-0.0477|596.52
1323|-0.0565|661.82
425.00|0.2111|0.45
857.00|-0.0241|2.19
462.00|-0.0731|1.65
6680|-0.0215|56.21
334.00|0.2890|41.19
967.00|0.0935|0.01
383.00|-0.1496|1374.28
574.00|-0.1164|599.74
318.00|0.1928|378.35
300.00|-0.0772|375.48
692.00|0.2390|185.40
602.00|-0.0806|48.13
1600|0.0573|47.61
562.00|0.0705|341.57
1328|-0.0074|243.09
323.00|-0.0159|319.46
745.00|0.0254|158.49
395.00|-0.2723|745.08
1889|0.0037|111.42
1098|0.1005|645.34
2096|0.0505|432.57
423.00|0.1936|557.27
858.00|-0.0918|696.46
481.00|-0.2127|0.81
19618|-0.0024|89.61
877.00|-0.0163|159.95
1122|0.0692|93.75
587.00|-0.0126|425.21
1000|-0.0679|51.92
362.00|-0.1953|65.42
679.00|-0.0704|202.63
547.00|0.1727|42.56
510.00|0.1315|88.96
4241|-0.0218|273.14
783.00|-0.0944|423.38
439.00|0.1563|309.97
373.00|0.2124|1480.90
468.00|0.0354|235.87
4345|-0.0234|354.60
851.00|-0.0237|9.73
435.00|-0.0585|19.60
803.00|0.1888|294.97
3372|-0.0161|12.27
467.00|0.1873|130.86
525.00|-0.2111|58.33
1389|-0.0175|12.26
799.00|-0.0004|121.60
8813|-0.0078|665.72
869.00|-0.0307|187.02
1105|-0.1674|165.80
418.00|0.2883|161.30
14838|0.0056|542.65
461.00|-0.1931|424.72
493.00|0.1208|104.32
1480|0.0245|9.74
481.00|0.0924|512.78
5300|0.0096|0.81
854.00|-0.1357|8.86
668.00|0.1783|28.26
347.00|-0.0526|21.38
1763|-0.0156|412.78
357.00|-0.0297|12.80
1659|-0.0041|246.04
549.00|0.1264|308.83
636.00|0.0295|645.72
479.00|0.0307|375.28
612.00|0.2723|431.24
799.00|0.0026|686.63
919.00|-0.1350|100.07
309.00|-0.0550|138.01
352.00|-0.3610|1.19
7360|-0.0139|8.07
634.00|0.0531|30.76
541.00|0.1449|63.80
1205|-0.0015|19.08
368.00|-0.0383|697.58
332.00|0.0457|623.04
352.00|-0.2381|13.63
520.00|0.0072|551.11
659.00|0.1906|421.58
654.00|-0.0087|313.70
387.00|-0.1944|3.54
534.00|0.1669|153.14
433.00|0.2077|249.47
7196|0.0078|16.79
428.00|0.1232|13.32
303.00|0.5122|270.06
559.00|-0.0492|4.32
1288|-0.0010|132.24
819.00|-0.1389|67.82
978.00|0.1274|230.05
3532|0.0136|13.21
910.00|-0.0733|211.56
1158|0.0693|191.59
420.00|-0.4832|278.67
657.00|-0.2074|24.01
334.00|-0.0289|318.87
469.00|0.0556|66.43
488.00|-0.2574|28.70
478.00|-0.1242|362.30
365.00|0.2700|243.65
445.00|-0.2082|602.31
503.00|0.0789|746.22
12638|-0.0017|7.05
838.00|0.0254|92.45
1096|-0.0284|247.25
797.00|-0.0808|116.82
3136|-0.0163|342.42
6115|0.0034|306.54
762.00|-0.0179|27.00
1805|-0.0526|1.33
313.00|-0.0268|146.27
587.00|0.2486|3.22
498.00|-0.0862|8.72
309.00|-0.0928|5.07
379.00|0.2100|1391.38
657.00|-0.0335|376.95
2528|0.0124|216.76
7236|-0.0063|4.12
580.00|-0.2212|776.39
546.00|-0.2216|261.22
387.00|-0.1252|194.29
3980|-0.0032|162.85
630.00|-0.0041|285.90
391.00|-0.1084|79.49
785.00|0.0642|118.52
1433|-0.0367|264.87
367.00|-0.1183|17.50
507.00|-0.2260|63.36
779.00|-0.0083|211.86
566.00|0.1063|145.91
2009|0.0070|344.43
2420|-0.0177|75.50
1076|0.1066|145.63
685.00|-0.0835|373.36
1393|-0.0238|190.21
373.00|-0.1143|113.71
798.00|0.0952|301.71
335.00|0.2288|19.70
336.00|-0.4246|294.85
2360|0.0103|25.73
746.00|-0.1736|5.00
934.00|0.0257|37.96
697.00|-0.0173|249.10
411.00|-0.0933|250.80
1640|0.0447|7.43
779.00|0.0997|1.71
459.00|-0.0875|635.99
518.00|0.0942|8.79
752.00|0.1277|328.90
1140|-0.0976|20.65
308.00|0.1356|1244.08
1049|-0.0215|8.99
1569|-0.0751|216.98
5052|0.0106|116.88
673.00|-0.2123|335.22
389.00|0.2536|186.51
533.00|-0.1754|3.50
469.00|-0.0485|477.25
1008|-0.0201|503.50
1024|-0.1303|82.51
1450|-0.0219|150.60
475.00|0.1680|2.46
564.00|-0.0997|269.38
1101|0.0540|11.52
866.00|0.0487|249.99
353.00|0.1169|1243.94
925.00|-0.0147|140.84
399.00|-0.0427|364.42
403.00|-0.1555|52.40
1186|0.0415|273.79
331.00|-0.0629|324.36
393.00|-0.0060|16.55
434.00|0.1672|1527.01
678.00|-0.0637|1339.07
4230|-0.0129|370.93
673.00|-0.0733|22.93
384.00|-0.3397|132.73
853.00|-0.1020|102.76
468.00|-0.3876|21.59
380.00|-0.0064|23.40
390.00|-0.2597|5.20
692.00|0.1872|61.42
2936|-0.0245|775.52
758.00|-0.0875|230.76
319.00|0.1926|338.48
334.00|-0.3514|209.78
915.00|0.0812|610.28
1703|0.0060|6.48
726.00|0.0889|159.16
828.00|-0.1483|61.44
375.00|0.2660|205.21
723.00|0.0538|314.94
791.00|-0.0542|374.60
662.00|0.1903|16.06
374.00|-0.0118|151.75
1843|-0.0058|48.92
389.00|0.2061|267.82
393.00|0.1221|47.21
1063|0.0166|209.23
966.00|-0.0023|399.86
1020|-0.0976|348.62
2042|0.0127|172.72
435.00|-0.0456|49.70
377.00|-0.4055|551.58
582.00|-0.1766|0.49
491.00|0.1210|7.46
670.00|-0.0233|63.11
589.00|0.1812|330.82
347.00|-0.0728|67.72
925.00|0.0794|305.07
2236|-0.0222|390.37
804.00|-0.0102|518.55
395.00|-0.1029|357.21
954.00|-0.0085|92.65
341.00|-0.0225|300.57
316.00|-0.4354|624.16
1136|-0.0923|11.12
671.00|0.1663|635.07
388.00|0.2501|62.48
1228|0.0490|701.56
533.00|-0.0386|394.07
895.00|-0.0257|142.37
3373|-0.0192|258.45
1173|-0.0411|632.07
8245|0.0060|74.36
383.00|-0.1987|186.85
3628|0.0146|63.78
473.00|0.1853|83.58
2123|0.0184|1.21
1088|0.0327|399.54
632.00|-0.0093|572.39
3815|0.0099|10.20
315.00|0.2566|0.27
309.00|0.1020|74.89
1009|-0.0462|10.91
690.00|-0.0139|492.56
1093|0.1006|342.32
503.00|-0.2538|27.70
404.00|0.0562|8.24
349.00|0.1160|635.21
881.00|0.1657|314.03
958.00|-0.0748|74.99
1095|-0.0874|20.41
1712|0.0505|4.98
588.00|0.0337|229.10
495.00|-0.0274|432.45
339.00|0.1887|5.50
5381|0.0099|1.81
717.00|0.1312|46.91
489.00|-0.1034|48.84
1432|-0.0580|1.19
609.00|-0.0849|5.60
1515|-0.0181|446.90
562.00|-0.0212|172.29
1568|-0.0268|1.19
351.00|-0.3319|131.19
873.00|-0.1606|355.60
675.00|-0.0659|114.55
591.00|0.0049|78.48
1186|0.0481|2.11
398.00|-0.0164|1.32
304.00|0.2950|21.09
1089|-0.0407|3.05
307.00|-0.3876|5.09
518.00|0.1108|69.63
525.00|0.0809|438.99
363.00|-0.0198|104.86
586.00|-0.1162|0.98
25582|0.0031|10.18
779.00|0.0451|201.89
975.00|-0.1823|149.76
484.00|-0.0783|6.92
4174|0.0427|0.25
416.00|-0.0217|0.60
752.00|-0.1364|117.46
2350|0.0153|8.42
682.00|-0.0517|309.05
389.00|-0.0249|34.09
334.00|-0.0468|380.82
6921|0.0001|96.44
11908|0.0099|1.46
326.00|0.3077|1512.09
3950|0.0371|169.46
559.00|-0.0492|2.56
1162|-0.1183|503.27
490.00|0.3649|580.09
529.00|-0.0182|29.97
497.00|-0.0016|229.87
521.00|0.0333|278.60
534.00|-0.2996|45.65
575.00|-0.0257|219.15
502.00|-0.0102|61.99
318.00|-0.3720|497.89
409.00|-0.0225|328.62
666.00|0.0918|622.74
434.00|0.2198|394.50
1276|0.1052|71.29
1068|-0.0268|145.85
6339|0.0231|35.80
1290|0.0482|127.46
603.00|-0.0069|11.22
495.00|-0.0873|16.30
703.00|0.0487|13.93
3725|0.0081|276.18
1282|0.0970|37.46
1818|0.0129|3.27
3145|0.0375|30.13
1094|-0.0972|115.03
13215|-0.0023|29.23
810.00|-0.0053|416.88
714.00|-0.1253|712.37
406.00|-0.0056|136.50
383.00|-0.2263|192.91
528.00|-0.0306|540.86
551.00|-0.0348|143.32
666.00|-0.0794|178.26
658.00|0.0748|147.50
575.00|-0.2354|15.70
4011|-0.0156|1466.00
449.00|0.2170|15.56
329.00|0.3982|3.66
2466|-0.0617|30.21
1216|-0.0477|0.42
531.00|-0.2375|529.07
332.00|0.1901|2.69
971.00|-0.1202|4.87
3419|-0.0277|1.70
345.00|0.2907|1.86
602.00|-0.0581|578.73
8176|0.0012|350.93
1685|0.0834|107.38
322.00|-0.0367|347.49
384.00|-0.0351|809.61
3144|-0.0299|26.92
659.00|-0.0811|119.36
3585|-0.0337|0.12
7444|0.0009|564.16
1089|-0.0613|327.17
1607|0.0417|446.55
348.00|-0.0008|348.36
580.00|0.1709|399.30
700.00|-0.1544|573.54
738.00|0.1908|368.75
742.00|-0.1156|52.48
435.00|-0.1201|66.80
351.00|0.3261|585.14
795.00|0.0798|198.54
367.00|-0.1638|344.49
362.00|0.2722|300.69
1452|-0.0206|873.74
524.00|-0.0426|355.08
875.00|-0.0036|101.03
1044|-0.0279|298.87
759.00|-0.0677|343.78
523.00|-0.1168|52.85
386.00|-0.0348|57.18
789.00|-0.0548|288.31
420.00|0.1704|310.70
353.00|0.2043|260.59
817.00|0.1056|81.54
431.00|-0.1758|97.33
310.00|0.1666|392.26
900.00|-0.0261|309.71
2054|0.0007|117.55
338.00|-0.1171|658.18
614.00|-0.1076|463.01
1779|0.0609|26.07
301.00|-0.0045|26.52
845.00|-0.0666|3.21
756.00|0.0745|221.65
1901|0.0528|47.20
652.00|0.2134|63.95
457.00|-0.0670|371.80
2359|-0.0401|1.53
782.00|-0.0446|533.17
1432|-0.0212|540.90
614.00|-0.0253|334.58
801.00|-0.1201|310.22
1483|0.0379|609.00
412.00|-0.0510|75.10
1138|0.0711|0.91
344.00|-0.0321|1547.62
1227|-0.0189|60.95
413.00|-0.0508|44.01
523.00|-0.1168|382.33
439.00|-0.1487|164.99
492.00|-0.1328|64.54
726.00|-0.1552|254.94
330.00|-0.0480|401.01
983.00|-0.0537|2.12
990.00|-0.0085|433.00
435.00|0.1670|1.26
599.00|-0.0141|69.80
675.00|-0.0185|423.44
618.00|0.3055|438.99
346.00|0.2631|63.03
339.00|-0.0599|265.94
599.00|-0.0980|346.16
645.00|-0.0664|14.95
535.00|-0.0636|410.96
1063|-0.0110|91.85
600.00|0.1332|9.23
1367|0.0160|190.99
302.00|0.1661|259.91
433.00|-0.2468|919.81
812.00|-0.0049|7.81
1231|0.0354|1.10
505.00|0.0094|343.64
970.00|0.1399|47.27
320.00|-0.0862|471.81
333.00|-0.0471|15.89
4940|-0.0228|333.78
1124|0.1372|39.10
2872|0.0315|7.68
480.00|0.1997|453.66
607.00|-0.1332|269.89
624.00|0.1305|0.89
428.00|0.0419|2.41
820.00|-0.0687|29.46
1671|0.0578|0.27
739.00|0.0748|33.78
652.00|-0.0842|318.61
334.00|0.2107|98.66
1145|-0.0322|326.64
2555|0.0551|60.61
721.00|-0.1528|564.76
303.00|0.1662|198.19
472.00|0.1354|617.18
1216|-0.0703|412.88
7429|0.0200|0.42
632.00|-0.3528|0.41
1532|-0.0657|2.27
370.00|-0.2695|0.25
2706|-0.0007|10.11
836.00|-0.1277|8.02
1283|-0.1020|10.70
2190|-0.0170|8.86
4325|-0.0075|10.17
443.00|-0.0084|3.08
403.00|-0.0318|101.80
2218|-0.0458|3.24
10574|-0.0132|208.28
1295|0.0253|164.40
433.00|0.1541|0.23
2726|0.0003|44.25
1047|-0.0277|0.55
913.00|0.0705|96.84
577.00|-0.0255|128.58
445.00|0.2147|123.40
3934|0.0221|119.55
412.00|-0.0774|31.50
354.00|-0.0208|136.75
383.00|0.2474|94.37
580.00|0.1690|108.93
514.00|-0.0489|1.12
502.00|0.0457|56.14
524.00|0.1187|234.69
2230|-0.0024|216.40
1138|0.1055|0.85
330.00|0.3638|32.48
334.00|0.2984|36.07
1358|0.0521|32.03
4921|0.0089|6.04
559.00|0.1726|175.46
686.00|0.0000|73.20
308.00|-0.0011|30.87
2136|-0.0004|1.69
436.00|-0.0021|1.04
378.00|0.0000|286.07
1292|0.0749|242.96
637.00|-0.0010|1.54
558.00|-0.1851|7.42
3038|0.0278|24.70
326.00|0.0000|7.79
349.00|-0.2957|0.50
973.00|0.0639|723.50
595.00|0.0913|748.16
566.00|0.2272|717.63
398.00|-0.1330|775.91
1335|-0.0370|642.33
473.00|-0.3448|427.85
13171|0.0024|215.80
1167|0.0328|974.97
487.00|-0.0017|787.82
536.00|-0.0739|797.15
2281|-0.0808|728.66
367.00|-0.0807|56.49
414.00|-0.1086|547.84
2305|0.0651|716.63
821.00|0.0612|525.66
527.00|0.0661|688.07
1321|-0.0172|0.75
562.00|0.1479|0.47
650.00|-0.0157|21.49
3172|0.0367|1.61
400.00|-0.0675|54.03
2899|0.0349|3.16
1822|-0.0842|93.54
338.00|0.2275|61.25
395.00|-0.3011|92.32
5086|-0.0001|0.74
345.00|-0.0219|1.10
506.00|-0.2141|33.77
538.00|-0.2255|29.80
20076|0.0047|66.87
617.00|-0.0336|0.59
333.00|0.2722|141.98
450.00|-0.2431|141.02
350.00|-0.3102|48.17
711.00|-0.0353|0.94
333.00|0.2821|9.55
490.00|-0.2278|43.65
1107|0.0903|16.01
376.00|0.1903|0.31
896.00|-0.0178|37.75
437.00|-0.0269|0.75
4400|0.0079|309.65
375.00|0.0964|138.88
333.00|-0.2014|228.93
488.00|-0.1189|109.90
348.00|-0.1834|302.59
1279|-0.0231|0.61
337.00|-0.3139|81.45
464.00|-0.0019|34.10
357.00|-0.2809|37.97
945.00|-0.1238|11.18
502.00|-0.1988|56.93
522.00|0.1912|126.31
1054|-0.0015|40.20
1690|0.0527|158.43
1599|-0.0006|13.23
450.00|-0.0185|6.60
662.00|-0.0151|19.62
942.00|0.1060|0.61
10901|-0.0027|96.87
346.00|0.2793|34.32
469.00|0.2137|32.82
374.00|0.0000|130.31
470.00|0.2123|291.21
575.00|-0.1754|0.25
997.00|-0.0206|87.47
358.00|0.2801|138.67
337.00|-0.2976|69.27
813.00|-0.0796|0.67
437.00|0.2184|1.93
1077|-0.0928|157.76
3552|-0.0014|89.37
335.00|-0.0009|92.33
372.00|-0.0067|120.54
320.00|-0.3135|138.64
563.00|-0.0013|23.85
589.00|-0.0003|117.90
563.00|0.1641|179.82
625.00|-0.0066|102.20
506.00|-0.0146|88.38
584.00|0.1715|92.54
760.00|-0.0219|224.91
1793|-0.0001|6.74
536.00|-0.1883|80.29
314.00|-0.3298|294.44
1096|-0.0170|123.51
579.00|-0.1947|181.05
321.00|-0.0370|261.92
322.00|-0.0253|87.48
1504|0.0471|182.79
512.00|-0.0004|276.34
630.00|-0.1615|301.57
350.00|0.0000|107.46
2439|-0.0029|0.91
3065|0.0327|109.72
855.00|-0.1130|0.23
582.00|0.0264|261.94
3156|0.0316|3.63
811.00|0.1235|0.73
2851|-0.0185|48.10
1843|-0.0029|1.16
558.00|-0.1592|1.15
2637|0.0101|1.09
851.00|0.0015|14.36
1363|0.0417|47.70
1759|-0.0578|301.85
534.00|-0.1575|74.12
2110|-0.0119|467.04
7681|0.0140|50.47
399.00|0.2500|108.94
353.00|-0.0703|104.22
600.00|-0.0141|308.55
445.00|-0.2304|263.02
1143|-0.0069|505.37
1355|0.0521|428.69
410.00|-0.0641|433.73
729.00|-0.1677|311.51
1335|-0.1046|657.63
353.00|0.2208|19.92
424.00|-0.0874|165.46
314.00|0.2732|317.71
1391|-0.0239|120.57
1476|-0.0144|159.70
384.00|-0.1075|130.21
11440|-0.0069|163.61
400.00|-0.0425|70.98
1195|0.0177|584.59
349.00|-0.0720|562.02
413.00|0.0696|250.88
700.00|-0.0365|49.52
496.00|-0.2807|173.30
465.00|0.1950|218.93
680.00|0.1268|3.15
432.00|0.1797|239.34
833.00|-0.0297|9.25
2278|-0.0226|294.23
1100|0.0069|28.76
356.00|-0.3560|258.73
395.00|-0.0693|151.29
744.00|-0.1801|397.08
567.00|0.0947|263.36
619.00|-0.0174|158.91
397.00|0.2392|8.60
1110|-0.0343|632.46
345.00|-0.3062|283.86
10456|0.0122|2.13
688.00|-0.1701|3.10
2641|-0.0054|68.30
725.00|0.1270|43.70
342.00|-0.0223|303.54
495.00|0.1782|95.14
871.00|-0.0826|640.33
28514|0.0032|517.43
313.00|-0.0134|177.59
341.00|0.2552|206.99
1302|-0.0137|147.81
402.00|-0.2608|120.08
356.00|-0.0047|169.23
365.00|-0.0997|82.68
655.00|0.1308|100.36
1177|-0.0193|264.05
401.00|-0.1162|191.93
610.00|0.1263|125.59
333.00|-0.0343|547.90
772.00|0.1612|483.01
356.00|-0.2648|4.95
546.00|-0.0355|260.78
745.00|-0.0091|430.47
644.00|-0.2168|232.76
813.00|0.0608|30.99
1083|-0.0258|236.19
1317|-0.0595|430.05
338.00|0.2782|52.41
306.00|-0.1444|632.22
308.00|0.2917|539.42
399.00|-0.1174|623.96
344.00|0.2736|507.55
423.00|0.0811|146.37
1079|-0.1306|70.03
9482|-0.0073|167.09
358.00|0.2703|69.02
540.00|0.2738|212.45
2822|-0.0187|189.11
1411|-0.0210|416.95
3717|0.0090|369.62
1014|-0.0413|646.75
542.00|-0.0525|170.95
329.00|0.2752|191.95
693.00|-0.0053|731.92
635.00|-0.1648|4.46
1543|0.0286|104.90
622.00|0.1364|419.99
1397|-0.0804|272.56
380.00|-0.0603|36.52
421.00|-0.0740|87.00
499.00|-0.0270|2.18
314.00|-0.1950|1.80
2048|0.0098|1.04
3081|0.0275|545.28
373.00|-0.0952|199.79
380.00|0.1796|571.53
319.00|0.1667|95.06
630.00|-0.1162|0.55
322.00|-0.0851|99.38
321.00|-0.0090|45.22
2858|0.0543|0.47
607.00|-0.1801|53.91
14681|0.0034|26.18
1670|-0.0602|0.49
406.00|-0.2721|254.78
1299|0.1175|273.69
609.00|-0.0074|14.41
3175|-0.0050|0.68
624.00|-0.1257|141.72
458.00|-0.0621|228.29
3505|-0.0080|536.64
1806|0.0345|623.19
1676|0.0899|60.41
2950|-0.0586|13.88
685.00|0.0981|104.66
694.00|-0.0217|2.45
559.00|-0.0782|469.32
340.00|-0.0760|377.95
1636|0.0267|551.70
1127|-0.0147|582.93
325.00|-0.1272|26.40
19980|0.0025|3.16
665.00|-0.0028|579.25
480.00|-0.0675|315.73
1162|-0.0494|84.50
2808|-0.0258|350.93
659.00|-0.0635|277.52
1952|-0.0406|67.23
327.00|0.2767|4.28
707.00|-0.1066|12.79
329.00|0.3030|250.48
350.00|0.0249|26.55
351.00|-0.3622|42.84
525.00|0.1479|553.07
348.00|-0.0313|243.23
564.00|-0.2948|597.20
2352|0.0080|296.83
796.00|-0.0682|0.37
6276|-0.0048|52.63
438.00|-0.2154|248.53
1521|0.0352|254.56
529.00|-0.2154|30.84
1767|0.0101|41.13
409.00|0.2092|591.20
1370|0.0043|168.30
365.00|-0.1077|111.70
335.00|0.2103|60.97
307.00|0.3133|155.35
608.00|-0.0180|144.57
446.00|-0.2947|511.90
327.00|0.1395|609.08
423.00|0.2120|386.14
972.00|0.1390|604.89
1062|-0.0415|107.72
569.00|-0.0206|78.12
350.00|0.2369|74.64
330.00|0.2744|448.63
368.00|0.2710|585.45
436.00|-0.0824|195.71
363.00|-0.3079|60.28
947.00|-0.0531|311.30
1014|0.0931|174.63
1515|0.0069|792.19
6564|0.0190|3.02
327.00|-0.0245|37.00
2369|-0.0449|3.69
527.00|0.2909|1.65
2774|0.0089|10.41
1134|0.0712|55.88
551.00|-0.2058|28.72
628.00|-0.1793|54.88
1369|0.0007|96.03
348.00|-0.3352|153.36
549.00|-0.0427|166.07
587.00|-0.0306|192.71
2110|0.0083|18.54
1615|0.1008|368.95
551.00|0.1567|74.36
1911|-0.0163|43.53
2076|-0.0131|4.00
914.00|0.0438|160.59
436.00|0.2065|605.37
472.00|0.0368|0.88
655.00|-0.1972|0.84
1047|0.0547|1.81
2538|-0.0051|42.30
709.00|0.1224|4.48
1401|0.0335|1.63
3159|-0.0394|9.89
381.00|-0.3431|0.51
1115|0.0539|31.88
315.00|0.3164|0.50
944.00|-0.0479|3.22
2503|-0.0341|19.52
10517|0.0071|6.08
606.00|0.1446|41.40
302.00|-0.0419|4.08
1530|-0.0304|1.25
872.00|0.1108|29.62
436.00|0.2266|0.75
483.00|0.1660|3.07
2285|0.0338|12.60
949.00|-0.0262|0.44
1665|-0.0276|21.66
306.00|-0.0099|2.14
1138|-0.0862|62.55
644.00|0.1274|4.52
948.00|0.0059|21.34
1800|0.0253|2.98
331.00|-0.0151|26.57
2903|0.0312|4.91
521.00|-0.0034|43.74
2222|0.0262|9.02
943.00|-0.0264|30.52
429.00|-0.0141|14.30
1212|-0.1017|58.07
535.00|-0.0234|249.75
547.00|-0.0353|422.62
564.00|0.2276|0.52
2041|0.0505|194.84
471.00|-0.0829|369.14
359.00|0.2696|523.86
565.00|-0.0116|297.72
1585|0.0619|383.29
316.00|0.2852|273.43
539.00|0.1859|214.49
983.00|0.0598|284.27
383.00|-0.2902|208.69
3097|0.0349|651.74
763.00|-0.0410|330.92
411.00|0.2365|401.26
320.00|-0.0372|376.73
1241|0.0489|302.24
695.00|0.1320|468.56
428.00|0.2015|350.40
315.00|-0.0093|472.54
335.00|0.1123|372.42
1605|-0.0846|104.15
1582|-0.0069|348.20
8896|-0.0057|381.22
546.00|-0.0286|277.67
598.00|-0.0104|280.51
448.00|0.1852|427.11
1299|0.0423|30.64
1527|-0.0414|355.16
608.00|-0.1609|130.85
304.00|0.2435|320.08
6812|0.0060|307.80
475.00|0.2942|222.94
336.00|-0.0232|334.08
585.00|-0.1980|266.67
821.00|-0.0187|384.77
538.00|-0.0231|290.47
981.00|0.0822|426.57
456.00|-0.2468|209.52
820.00|-0.1021|252.57
584.00|0.1044|120.56
438.00|-0.2582|358.20
302.00|-0.3642|371.93
702.00|-0.0632|406.58
1201|0.0739|1.18
625.00|0.1409|28.51
1135|-0.1005|0.75
907.00|0.0794|32.41
4011|-0.0202|0.85
622.00|-0.0003|0.95
341.00|0.2941|0.79
874.00|-0.0165|95.76
800.00|-0.0040|46.22
477.00|-0.2227|99.56
647.00|0.1499|81.97
476.00|-0.0004|0.61
426.00|-0.0022|16.84
586.00|-0.0003|0.30
474.00|-0.0073|96.85
707.00|-0.0008|48.23
686.00|-0.0008|0.23
438.00|0.2124|4.62
304.00|-0.0044|103.21
3132|0.0312|79.80
351.00|-0.0075|60.57
2198|-0.0001|0.52
323.00|-0.3144|12.45
674.00|-0.0081|12.82
854.00|0.0000|0.71
324.00|-0.0088|54.73
373.00|-0.2761|0.62
359.00|-0.0202|54.58
4210|0.0180|15.34
418.00|-0.0006|0.36
609.00|-0.0137|86.71
461.00|0.2174|0.77
1786|-0.0011|66.10
366.00|-0.2956|12.40
635.00|-0.0010|0.19
622.00|-0.0066|55.66
322.00|0.3095|31.47
589.00|0.1701|2.11
312.00|0.3154|1.36
336.00|-0.0009|38.18
9507|0.0075|5.95
467.00|-0.0005|1.25
2095|-0.0477|0.90
355.00|-0.0032|5.07
597.00|-0.0003|0.73
468.00|-0.0005|4.54
19281|0.0000|5.44
5551|0.0180|0.68
334.00|-0.0009|1.45
334.00|0.2985|35.65
744.00|-0.0002|7.15
478.00|-0.2096|4.30
306.00|0.3279|3.63
334.00|-0.0009|63.41
514.00|0.1942|3.08
401.00|0.0000|0.65
375.00|-0.0007|32.16
422.00|-0.2375|0.47
321.00|-0.3125|0.70
809.00|-0.1235|0.93
480.00|-0.2088|1.00
725.00|-0.0008|2.68
2665|0.0363|9.48
2306|-0.0062|4.02
2899|0.0299|2.97
421.00|0.0000|1.21
371.00|0.0000|62.58
37468|0.0023|4.63
417.00|-0.2392|3.36
374.00|0.0000|1.03
522.00|-0.0004|41.96
356.00|-0.2145|69.67
2065|0.0142|68.59
517.00|0.0802|73.30
550.00|0.0694|50.32
302.00|0.2214|63.42
709.00|0.1172|75.10
424.00|-0.0481|910.02
1829|-0.0429|1353.70
1068|-0.0541|1037.93
506.00|-0.0101|1133.80
338.00|-0.0036|975.29
323.00|-0.3203|1177.88
982.00|0.0541|1166.71
365.00|-0.0196|1226.31
330.00|-0.0085|1216.12
363.00|0.1187|407.46
335.00|0.2288|416.62
1214|-0.0172|0.74
4386|0.0222|253.46
363.00|0.2166|331.25
355.00|-0.2338|248.79
2989|-0.0479|0.84
996.00|-0.0429|1278.11
665.00|0.1407|209.59
637.00|-0.0022|6.97
2385|-0.0080|0.22
1418|0.0130|0.25
799.00|0.2182|0.53
801.00|0.2336|2.46
1158|-0.0049|1.36
536.00|0.1869|173.54
3058|-0.0289|98.12
323.00|0.0747|108.64
390.00|-0.0736|1.21
879.00|-0.0811|189.38
1030|0.1239|338.59
325.00|-0.1041|5.13
786.00|-0.0441|29.00
983.00|0.0453|0.35
339.00|0.2774|2.39
523.00|-0.0898|1.58
7564|-0.0137|22.89
372.00|0.2370|0.56
480.00|0.1345|0.02
594.00|0.3136|9.17
366.00|-0.3051|0.16
456.00|0.1623|14.24
2447|0.0203|423.97
351.00|0.0886|428.01
1205|-0.0150|3.17
955.00|-0.0164|0.42
1070|-0.0298|187.92
886.00|0.0063|2.74
664.00|-0.0151|191.48
1012|-0.0459|245.06
21581|0.0033|153.86
1480|-0.0171|359.66
357.00|-0.0538|25.20
350.00|0.2693|85.16
385.00|-0.0175|0.23
394.00|-0.0439|30.54
345.00|-0.0139|50.62
499.00|-0.2379|147.32
1043|-0.0216|147.04
804.00|0.0849|21.55
607.00|-0.2092|114.95
323.00|-0.3507|0.76
5023|0.0171|126.31
836.00|-0.0388|56.82
438.00|0.2056|191.69
1490|-0.0378|244.31
1780|-0.0159|218.64
301.00|-0.3798|12.62
547.00|-0.2075|251.18
439.00|-0.2664|1.42
1122|0.0605|22.57
1082|-0.0325|61.14
392.00|-0.0169|9.81
352.00|0.2747|225.20
4712|-0.0072|158.97
924.00|0.0922|130.27
434.00|0.2142|107.28
684.00|0.1303|85.33
465.00|0.2098|60.95
608.00|0.1266|108.03
554.00|-0.1942|20.75
3097|-0.0252|123.81
486.00|-0.0907|0.15
1288|-0.0400|189.41
863.00|-0.0464|58.74
950.00|0.0773|199.51
1179|-0.0244|200.00
971.00|-0.1295|3.68
332.00|-0.3285|92.32
521.00|-0.0569|18.87
2058|-0.0401|6.25
576.00|-0.0318|110.99
2354|-0.0152|161.96
813.00|-0.0466|72.50
316.00|-0.0525|99.75
896.00|-0.0156|0.69
868.00|-0.1485|28.52
753.00|0.1126|34.43
356.00|-0.0299|190.12
1520|-0.0621|813.92
888.00|-0.0389|0.98
3684|0.0206|1.00
1184|-0.0270|82.72
463.00|0.1887|4.30
976.00|0.0881|82.82
542.00|-0.0127|69.48
536.00|0.3446|27.44
1847|0.0460|1.02
318.00|-0.3256|0.48
1116|0.0495|0.32
407.00|-0.0312|5.06
544.00|-0.0435|0.30
389.00|0.3447|83.46
1102|-0.0001|0.82
1635|-7.1830|2.48
775.00|0.0621|80.41
369.00|-0.0631|0.29
325.00|-0.1344|245.14
1374|-0.0744|206.99
500.00|-0.2794|135.66
5157|-0.0020|2.48
404.00|-0.0967|162.90
1330|0.0754|414.66
384.00|-0.0127|485.93
1132|0.0839|1.83
353.00|-0.0074|40.40
1008|0.0993|14.33
685.00|-0.0079|2.47
528.00|-0.0240|15.07
1557|-0.0421|1.76
395.00|0.2525|3.82
411.00|-0.0054|0.21
1048|-0.0046|28.42
1214|-0.0061|486.18
439.00|0.1852|594.95
1023|0.1309|32.38
515.00|0.1332|96.24
516.00|0.1776|38.40
2919|0.0088|258.20
447.00|0.1065|102.67
619.00|0.0393|80.10
555.00|0.2433|388.02
1628|0.0469|30.91
339.00|-0.1656|403.93
531.00|-0.1953|4.01
360.00|0.2020|95.80
733.00|-0.0650|116.22
416.00|0.4197|173.79
470.00|0.2958|415.13
347.00|0.2154|236.89
3383|0.0078|53.23
356.00|0.2338|75.84
431|-0.0578|79.18
325|0.2334|14.07
838|-0.0743|1.68
353|0.4379|38.82
331|-0.4586|89.78
909|-0.0417|138.16
858|0.0820|347.72
1083|-0.1083|344.94
3820|0.0358|468.84
438|0.1231|507.02
314|-0.1119|246.42
13463|-0.0013|0.30
597|0.1287|157.94
760|-0.0219|572.99
380|-0.1301|195.29
421|-0.3488|264.57
930|0.0658|89.29
504|0.2165|107.77
440|-0.0675|124.33
398|-0.2646|118.53
409|-0.0786|58.55
1285|0.0910|86.89
686|0.1162|92.62
806|-0.0268|51.61
403|-0.0810|85.27
2731|-0.0287|4.77
371|0.0596|504.87
341|0.0521|142.33
603|-0.0867|454.96
691|-0.0347|61.46
1012|0.0797|21.14
774|0.0053|5.03
714|-0.0032|390.00
1012|0.0803|0.43
1447|-0.0232|0.18
392|-0.2433|1.14
796|-0.1180|420.65
420|-0.1633|398.65
3311|-0.0026|582.68
2110|-0.0489|658.69
403|0.2008|680.52
1782|0.0114|78.60
1061|-0.0232|684.81
424|0.2116|528.07
15400|-0.0023|6.77
368|-0.3272|618.07
11738|0.0075|646.73
506|0.3241|172.23
368|-0.0383|681.11
1931|-0.0053|441.15
372|-0.0958|556.89
2065|0.0188|655.02
1042|0.1071|318.41
438|0.1389|312.66
2156|0.0030|679.38
407|0.4127|538.07
677|-0.0391|583.67
491|0.1333|626.64
676|0.0987|689.48
514|-0.0489|207.78
397|-0.1186|677.50
1783|-0.0459|1.24
367|0.2398|2.14
3222|-0.0118|538.20
314|0.2868|370.37
900|-0.1420|53.56
621|-0.1905|7.66
382|-0.0178|0.13
452|0.1741|214.29
378|0.2505|102.25
455|-0.2651|452.78
10391|0.0129|4.80
460|-0.0319|26.94
309|-0.0550|24.05
838|0.0877|2.73
468|0.0354|22.67
837|-0.0680|10.36
592|0.1420|1.21
651|0.0839|4.07
361|-0.3098|16.80
502|-0.0979|0.38
344|-0.0221|1.12
364|0.2007|14.08
353|-0.3176|1.09
348|0.1418|19.50
721|0.0956|0.47
495|-0.0873|22.55
956|0.0922|1.36
316|0.2961|1.75
710|0.0826|10.71
1745|-0.0535|0.62
628|0.1299|0.28
354|-0.0132|0.66
462|-0.0121|0.43
475|0.1436|3.64
444|0.1523|0.30
363|0.2010|14.88
381|-0.3022|0.34
13482|-0.0099|1.63
319|-0.3431|17.05
593|-0.1848|15.00
345|0.2638|10.04
399|-0.1821|15.60
357|-0.0205|32.80
894|-0.0157|0.41
351|-0.0032|92.78
465|-0.0005|3.91
767|-0.0002|288.08
688|-0.1492|170.12
338|-0.2950|259.77
536|-0.0031|132.38
403|-0.0006|12.01
1768|-0.0601|165.06
640|0.1565|220.96
2927|-0.0370|0.75
1307|0.0765|0.84
301|-0.3311|0.23
633|-0.2217|1.33
693|-0.1122|5.71
406|-0.1132|8.08
757|-0.0028|1.55
576|-0.1751|9.01
839|-0.0006|6.20
1060|-0.0944|4.26
660|0.1250|11.63
709|-0.1494|34.24
2221|0.0436|45.50
1558|-0.0671|31.84
312|-0.0042|7.97
1039|0.0663|3.57
378|-0.0182|64.22
1518|0.0650|23.49
344|-0.0034|5.02
2763|-0.0091|4.03
340|-0.3038|0.22
663|-0.0009|18.65
355|-0.0073|1.02
948|0.1054|14.80
9963|-0.0005|4.43
435|0.2271|6.09
1265|0.0357|8.86
424|-0.0006|15.63
910|-0.0005|2.25
1039|0.0363|21.77
510|0.1808|89.45
1821|-0.0570|124.34
307|0.3268|283.89
318|0.0000|133.97
307|0.0000|256.26
352|-0.2849|0.38
535|0.1873|410.40
480|0.0394|552.07
638|-0.0022|988.35
400|-0.0235|246.76
404|-0.2469|465.83
499|0.3961|687.07
1216|-0.0930|912.70
320|-0.0010|321.69
353|-0.0133|850.98
633|-0.0092|1114.56
407|0.0000|487.94
651|-0.0022|779.56
476|-0.0165|4.50
346|-0.0077|516.52
1254|-0.0148|769.09
563|-0.0052|870.81
626|0.1521|225.01
508|-0.2084|576.70
918|0.1559|52.94
1111|0.0639|986.04
319|-0.0039|775.96
458|-0.0179|326.45
511|-0.1961|367.86
421|-0.0023|1030.51
598|-0.1726|300.35
12410|0.0066|554.78
534|-0.0032|787.81
1264|-0.0794|578.58
354|-0.0008|719.30
554|-0.0003|986.30
1636|-0.0188|868.78
1184|-0.0012|775.13
319|0.0000|410.69
568|-0.1795|1131.19
525|-0.0004|482.25
1062|-0.1041|700.96
312|-0.0711|566.70
1134|-0.0028|21.68
541|-0.0014|507.81
1171|-0.0001|631.42
5383|0.0027|0.97
319|-0.0091|543.40
847|-0.0001|423.43
331|0.3030|357.29
430|-0.0849|0.94
442|-0.2479|149.08
375|0.2116|344.46
708|-0.1410|619.52
585|-0.0195|783.15
481|-0.2083|482.44
423|-0.2426|292.54
790|0.1117|661.28
1129|-0.0065|923.76
439|0.2218|1004.22
627|0.1597|629.47
306|-0.3257|161.67
359|-0.0032|543.19
610|-0.1669|0.18
1014|-0.0001|262.35
316|-0.0041|329.84
329|-0.0038|275.82
1056|-0.0112|302.91
318|0.2836|600.20
612|0.1631|438.30
1482|0.0547|793.18
1058|0.0742|657.04
1197|-0.0312|1.04
1430|-0.0320|86.80
6907|0.0129|224.39
636|0.1928|310.04
342|0.2257|123.64
388|-0.0719|327.20
813|-0.0653|41.08
4433|-0.0058|2.71
552|0.0314|0.13
532|0.1284|61.88
310|0.1666|0.67
1967|0.0128|40.19
393|-0.1212|107.50
637|-0.2381|83.12
677|-0.1894|71.72
326|-0.1519|1.12
318|0.1928|0.43
2978|0.0040|0.68
323|0.1919|0.49
358|-0.0683|15.29
1389|-0.0749|181.93
1136|0.0095|0.50
5792|-0.0936|0.30
430|0.2320|235.55
457|0.2148|0.32
905|-0.0179|61.42
433|0.0203|0.15
609|-0.2632|0.27
2082|-0.0166|0.54
546|-0.0610|263.61
4430|-0.0203|1.21
3134|0.0266|0.68
693|-0.0264|0.35
3741|-0.0076|259.48
5486|-0.0079|277.04
516|-0.2216|42.32
385|-0.0447|237.13
1231|0.0648|2.53
2378|-0.0222|268.52
461|-0.1205|327.65
829|-0.0395|275.99
765|-0.0086|280.41
875|-0.1470|295.07
421|-0.2088|203.08
369|0.0676|789.18
363|-0.0198|0.11
5494|-0.0184|1.65
352|0.0000|5.52
343|0.2906|82.78
400|-0.0058|1.02
6497|-0.0053|205.14
588|-0.0047|0.22
489|-0.0281|22.71
455|-0.2651|0.28
707|-0.1424|39.79
830|-0.0053|2.55
308|-0.3236|119.84
306|-0.3322|0.59
724|-0.0096|105.38
600|-0.1824|0.43
674|-0.0867|1.85
340|0.2558|291.83
455|-0.0754|617.27
5534|0.0099|395.17
352|-0.0306|193.67
834|0.1237|957.92
467|0.1942|0.52
358|-0.0406|398.81
596|0.1467|0.37
315|-0.0264|0.61
1583|0.0289|0.69
552|-0.1909|223.63
422|-0.2537|187.14
599|-0.0186|181.08
428|-0.2743|193.62
1371|-0.0124|202.90
379|-0.2935|306.98
506|-0.0200|163.87
314|0.3066|238.10
2320|0.0239|50.94
1754|0.0289|59.99
894|0.0947|45.75
1295|-0.0202|42.55
636|-0.0209|0.48
411|0.2315|0.64
873|0.0609|903.00
584|-0.0196|95.31
441|-0.2751|175.02
337|0.1408|4.71
1135|0.0500|163.20
535|0.1537|254.79
1361|0.0331|0.22
504|0.1608|207.68
489|-0.0445|237.94
10156|-0.0054|9.07
437|0.1980|166.19
309|0.2909|154.35
392|0.1259|82.29
471|-0.1845|25.11
756|-0.0363|125.99
937|-0.0437|18.03
889|-0.0436|28.29
429|-0.2842|51.36
421|0.2043|0.90
390|-0.0711|15.51
524|0.1562|1.46
429|-0.0469|218.99
371|0.2376|143.02
563|0.1408|0.97
940|0.0696|0.15
316|0.1667|65.79
483|-0.0457|4.08
482|-0.2571|188.32
557|-0.0340|213.75
1746|0.0106|1.60
544|-0.1835|1.21
618|-0.1728|1.03
2291|0.0184|5.99
1730|-0.0125|24.78
4919|0.0019|122.01
1184|-0.0901|2.10
302|0.2647|45.93
416|-0.0622|215.91
1916|-0.0863|11.84
612|-0.0741|70.90
999|-0.0426|207.43
387|-0.3529|159.40
414|-0.0396|86.27
747|-0.0625|71.99
1632|0.0135|68.33
692|-0.1460|2.25
14751|-0.0001|0.74
2937|-0.0080|0.73
334|-0.0468|1.29
520|-0.0675|66.91
947|-0.0167|128.79
1271|0.1127|95.87
480|-0.2405|176.87
363|-0.0663|17.56
978|-0.0358|0.38
510|-0.0820|25.99
605|0.0733|0.68
579|-0.0077|146.02
348|-0.0567|91.88
477|-0.3581|224.88
810|-0.0591|749.54
2986|0.0059|566.13
969|-0.0026|132.88
919|0.1040|63.04
1436|-0.0002|208.02
629|-0.0062|107.77
2957|-0.0052|254.79
409|-0.0053|88.74
727|-0.1374|371.05
344|0.2816|64.63
446|0.2188|0.72
489|0.2024|5.29
1011|0.0000|1.33
389|-0.0109|0.62
341|0.0000|24.97
374|-0.0007|211.54
745|-0.0028|89.11
1420|0.0686|1.20
585|-0.1295|56.90
1571|0.0665|0.96
2785|-0.0186|0.57
623|0.1592|1.53
328|-0.3058|0.23
2570|-0.0050|49.98
497|-0.2132|0.53
596|-0.0072|0.74
671|0.1396|4.52
471|-0.2210|0.77
411|-0.2875|54.78
525|-0.0135|2.08
1661|-0.0013|7.09
319|0.3145|0.72
543|-0.0087|71.12
893|-0.0020|1.13
9046|0.0015|16.61
2690|-0.0051|20.21
801|-0.1278|7.03
314|-0.0010|0.62
775|0.1241|50.54
325|0.3086|5.49
337|-0.0081|39.71
720|-0.0049|35.48
912|-0.0079|1.30
308|-0.3300|0.46
383|0.2618|31.76
340|0.2950|0.63
309|-0.3289|0.66
385|-0.2631|0.95
1864|-0.0042|58.51
473|-0.0477|195.96
6048|0.0216|0.42
516|-0.0475|398.93
381|0.1424|86.14
1003|-0.0422|459.02
309|-0.1710|279.08
650|-0.0362|0.35
569|0.0000|283.40
626|-0.1647|106.61
885|0.0714|462.89
748|0.1170|55.61
326|0.3057|424.78
339|-0.0599|24.58
341|-0.0591|234.92
5572|-0.0100|250.47
435|-0.0198|95.10
1915|-0.0648|125.06
660|-0.0809|72.23
2315|-0.0037|0.61
710|-0.0476|47.28
829|-0.0151|201.50
429|-0.0584|394.95
410|-0.3808|3.76
4308|0.0221|0.87
953|0.1044|0.17
904|0.1083|275.73
785|0.1846|4.09
679|-0.0677|0.92
1886|-0.0301|156.99
415|-0.0096|319.20
8864|-0.0126|590.84
1733|0.0524|388.93
1776|0.0563|308.12
650|-0.1924|707.55
686|-0.0746|104.50
1598|0.0289|320.68
674|0.1390|13.35
360|0.2196|153.84
343|0.2906|1.68
6099|0.0055|249.51
742|0.1346|378.29
452|-0.1055|2.09
432|0.1999|258.84
2753|0.0049|745.32
528|-0.0380|801.94
3600|-0.0019|403.32
406|-0.2916|112.78
927|-0.0314|363.50
341|0.2887|85.77
459|0.1904|428.15
349|-0.0008|454.75
324|-0.0658|786.66
336|-0.3075|449.82
750|-0.0269|110.54
597|0.1661|532.26
353|-0.0209|168.56
505|0.1317|185.99
526|0.1557|66.20
990|-0.0067|34.14
879|-0.1283|1.83
6115|0.0004|22.52
366|0.2000|286.10
1753|-0.0399|480.87
444|-0.0938|75.68
409|0.2184|132.01
1244|-0.0362|13.94
1663|-0.0121|631.81
483|0.1712|41.13
707|0.0669|297.78
337|-0.1178|27.15
329|-0.3924|27.98
481|-0.2682|35.06
462|0.0906|50.21
325|-0.3125|476.47
301|-0.0980|106.16
2541|-0.0082|237.77
327|-0.3339|434.68
500|-0.2373|324.47
12458|0.0072|12.12
1073|0.0814|484.62
473|-0.0384|699.71
958|-0.0004|49.87
1139|-0.0079|328.74
6036|0.0211|1.18
1435|-0.0732|663.07
2889|-0.0111|825.38
629|0.1540|7.77
333|-0.3012|0.86
403|-0.0232|57.19
336|0.2284|128.51
342|0.3268|0.30
1199|0.1080|378.80
590|-0.1750|0.88
979|-0.0108|5.16
18819|-0.0009|0.70
681|-0.0758|621.30
969|0.0859|423.89
818|-0.0225|787.38
1882|0.0387|34.67
394|0.2504|3.98
509|-0.2250|0.49
354|0.2833|1.00
5695|-0.0030|16.72
4359|-0.0028|164.50
1718|-0.0001|193.27
493|0.1075|3.23
2104|0.0240|59.68
494|0.3854|43.29
1205|-0.0003|0.73
708|-0.0725|606.47
1327|-0.0865|94.47
484|-0.0663|166.22
1081|-0.0229|30.88
2374|0.0242|36.24
743|-0.0017|260.80
321|-0.0090|796.84
356|0.2338|624.57
2054|0.0052|54.84
1147|-0.0203|598.79
2217|-0.0333|117.14
3212|-0.0102|0.78
3325|-0.0002|3.38
1776|0.0513|10.65
365|0.1190|24.37
328|-0.3153|18.66
722|-0.0200|0.90
313|-0.0536|9.32
378|-0.2639|111.71
3379|-0.0145|0.10
319|0.3124|170.71
438|0.2124|222.59
664|0.1462|55.70
334|-0.0617|499.15
2213|0.0443|556.89
426|0.4576|51.94
421|-0.0006|191.64
2807|0.0080|0.38
757|-0.0070|24.51
489|-0.3371|41.65
511|0.0000|393.13
324|-0.3273|30.71
960|-0.0256|146.12
748|0.1132|443.88
494|-0.0390|73.25
1478|0.0671|3.16
361|-0.0735|110.94
5207|0.0155|18.73
519|0.1853|567.33
488|-0.0770|182.01
539|0.1751|36.80
364|-0.0066|247.08
1737|-0.0034|3.90
431|-0.0202|1101.30
513|-0.0255|1104.28
323|-0.0662|998.48
553|0.1259|970.18
2464|0.0277|1092.88
328|0.2759|96.09
772|0.1064|1.46
362|0.2170|75.79
1189|-0.0165|81.38
557|-0.2325|1.00
2935|-0.0003|8.46
392|0.2421|142.66
884|0.0714|103.46
380|0.2327|0.90
430|-0.0708|11.21
2179|0.0542|1.84
1178|-0.0169|18.10
646|-0.0081|44.83
337|0.2865|36.93
461|-0.0176|95.55
1860|0.0325|20.82
949|0.0570|26.46
1444|-0.0727|4.52
1064|-0.0227|1.03
4283|0.0191|49.43
1219|0.0173|0.04
385|0.2077|3.89
309|-0.4032|34.30
325|-0.3262|0.67
8145|-0.0166|13.37
365|-0.2420|27.99
394|0.1420|0.55
922|0.0029|0.47
630|-0.2744|0.78
448|0.0335|0.84
316|0.3665|90.84
567|-0.1493|63.16
2779|-0.0183|89.22
786|-0.1526|48.87
642|-0.1068|636.32
2524|0.0221|510.88
521|0.1641|609.72
640|0.1536|394.50
378|0.2609|258.66
1515|-0.0011|265.81